XXI

iosminu 01010 54 1ο1.; 00001100 00 0001100 010104 00000 00
010010.

Ζ10000 kuke (domus murata) u 00έο 010001010 00 00 00 01010
00 5 101. 00 100 101. - 10000 01000 0101 00 3100011001 110100100
48 for. do 95 for. 10000 0101 1 00101100 0 00600001 00 58101.
Dvor s 1000010 000110010 00 18 101.

1)νο 010000 01010 0111010 1 0100100101 00 550 101, 1ο 10 001-
106001010,11010000101010 011 0001001. Tri 01010 00 0011010001 1
00000010 00 050 for„ 0 0001 111 01010 00 010 000000 00010 00
140 101, 001100 1 00 010000 11060 00 001111 01010 000110 00010 40 101.

Ζο 00110100 01010 010000 110έο 00 4 101. 00 15 101. Ζο ee·
tvrtinu 0 00101οο10 10 sor. — Polovina 01010 00 12 101. 00 10 1.
Ρο101100 00 010 006000 00 100 101. 0001100 01010 0 111010 00 711,
101. 1)νί0 10110100 01010 za ¹9 for.‚a tri 0011111οο 00 3 101. 00
43 101.

[1110 010000 kuke 00 031000011 1 0001010010 00 150 101.

110έο 010 010000 010 011000 (000100 0011101 01111010, 0011110
1130001, 1. 1. 1101110 10 0110010110 0110 010000 0 110101100, 111 011000
00101100 010000 0 0 01011010 011000, 0100000 00 0110101101 10000
010100 4⁰ 101, 00101100 01010 00 5 101. 00 34 101, 0 0011111ηο
00 10 fon, pet 001111100 00 ¹7 101, 0 jedna osmina za 12 101.

Za 011000 kuke (domus lignea) 0100010 00 00 3 101. 00 101,
01101010101010 111100ου000 (01100000), 60 101. Ρο101100 011000
01010 00 10 for. do 30 for.; 1011111000050101., 111 0011 001111100
011000 01010 00 18 101. 00 38 for.

10 01030 01030, §to 000010000 0 cieni 11001, 10000110 00, 00
00 01000 0110 1000011110, 01010 bo 10 010030 0010011010 1 1010010,
3010 00 0101010, 0 1 00010 01111010 3100010 1 10000100 0100010 0 na·
100110 dubani, ako su 0111 0 000101 110131 100 03000010100101.1.
mimo 11030 00 100030 010100110.

[100000 »01000001 0110 10 0010οο 0110 00 1100011, 0110 111 1
0000110, 1 10010 01000111 (0100101001010),01001100111 (stacio lignea),
0 1000101 0 1100110 0 010 0100010, (110110 0010000011 000001 0111310-
01001101001001, 0103010110 0 010010001010 0100110). 01010 10110
000101001001001,0011011110 su 111 010001011, n. pr. 01000 dudan
0 0011000101 0111001010οι, 10000 000110001010, 010000 00 00 19 for„
010 010000 006000, 00101100 01010, 00 50 fon, 01100 00000 00
010 0100010, 00101100 01010, 00 06 for.

Premda je 31000110 003101010110 000101110 000101010, 00 00
0000 0 31000101 001 011101 01000111 11000111 31001010, 10 1100101110
011110, 00 00010 0031001 11000 111 31001010 1011000 031001, 111010

 

