0100100010101. 1. 1100101010 010010, 1110101011 00000011
Ι 1000101101000110000 1031000010 110113000001001111,00-
”“· 01100 0010, 010 1 0110110, 011 100100010100,010001100[

31000 20310110, 10101011, 0001100 1111011 00001111, 10600
011030 0010110, 111010010 011001101111, 011 0101010 11 VIII. vieku‚
00101110 00 110101, 0 0001011 001101 100 000001 011011 001010 Med·
1006010, 0 0011011101 00, 00 su 00 100001 1 0111301 011011 003100111
01110, 1 00 10 01110 00 110101 011011, 100 10 00001000 1110100110 za·
31000010(109010101110011101 1110100001 za 010100 11110010 00

300100 1017.;000010011111οο10 1 10, 0010 11011ΒοΙο IV. 300. 1040.

000011 0110111 001010 01011. 11011. 3100010 00 0010001010010 1101010111,
10101 10 011000001000001 000 310001010 1 310010001001 1100110001,
10 0010010 00011011, 1010 su 0001010 1101130 0 0001001111 1113100010
31001010100.

Ρ11001100011 001101, 00 10 101 0011 01011. 11011. 3100 0100100
»61000001 1οΞοο 00 1111ον001 11100 povrh 1101οΜ0010οέ01010 011010,
10 0000100011, 1010 101 100 bio utvrdjen zidom uz troja 101110
3100010 1 11010 01010 11010, 1011101 00 101011101 11100110 u ovu tvrdju3
progovorih 0 11110011 1 00 0010001 (11000000 11101030νὶ11 00031001111;
001101 0 1000101111, 1010111 00000111, 0 1110011 1 0111101111 0111011, 0
31000101 11010101, 1110011010, 1000010011, 0 3100100011111 1 01030111 za·
0101001101. j. 0110111111 1 11301101, 0 31000101 11010111, 0 0000100 0
1111011 1 00101111000100111, 1010110111001100010001 010101111 iz 1000111
ruku u druge, i 0 011110101 01001;0010010011030 00 Iu 011010 000-
1011011, 010 00010 0110110110 00010011, 1οέ Iu se samo obazreti na 000,
0 001011 301010 1110011 0110110000 u ovom svezku.

I u ovom 10 1000011110 01111 3100010 utvrde 00100 1011, 1. 1
011000 11010111, 10100111 11 1111000 01100111 0101110 0101010, 0110111110
10111101 11011100 (Κο1000110,Μο001010 1Νονο 11010) 1 0 11011010 010·

01110, 0 sva 011 bila 11011οἐ000 11110011.
1

 

